0000000000
0111111111
0100000000
0010101011
0010000000
0001100110
0001010101
0001001001
0001000000
0000111001
0000110011
0000101111
0000101011
0000100111
0000100101
0000100010
0000100000
0000011110
0000011100
0000011011
0000011010
0000011000
0000010111
0000010110
0000010101
0000010100
0000010100
0000010011
0000010010
0000010010
0000010001
0000010001
0000010000
0000010000
0000001111
0000001111
0000001110
0000001110
0000001101
0000001101
0000001101
0000001100
0000001100
0000001100
0000001100
0000001011
0000001011
0000001011
0000001011
0000001010
0000001010
0000001010
0000001010
0000001010
0000001001
0000001001
0000001001
0000001001
0000001001
0000001001
0000001001
0000001000
0000001000
0000001000
0000001000
0000001000
0000001000
0000001000
0000001000
0000000111
0000000111
0000000111
0000000111
0000000111
0000000111
0000000111
0000000111
0000000111
0000000111
0000000110
0000000110
0000000110
0000000110
0000000110
0000000110
0000000110
0000000110
0000000110
0000000110
0000000110
0000000110
0000000110
0000000110
0000000110
0000000101
0000000101
0000000101
0000000101
0000000101
0000000101
0000000101
0000000101
0000000101
0000000101
0000000101
0000000101
0000000101
0000000101
0000000101
0000000101
0000000101
0000000101
0000000101
0000000101
0000000100
0000000100
0000000100
0000000100
0000000100
0000000100
0000000100
0000000100
0000000100
0000000100
0000000100
0000000100
0000000100
0000000100
