0110100001001001
0111001111110001
0001000001000001
0111010011101010
0101000011110001
0000110001111100
0010001110100110
0100011000000000
0111101010010000
0111101110000001
0001010000101101
0111110000111100
0111101010000100
0011111000100001
0110011001110000
0001001000101001
0011010111111100
0111010100110111
0110010101100111
0111101011010001
0101001111101111
0000010010010010
0110110010110000
0111011110001101
0101011011100001
0110000011111110
0101111100011111
0011001000110100
0101001111100111
0001010111101001
0101101001100000
0000010000010011
0010001101110010
0000010111101001
0000110001101111
0110100101100111
0101100011110000
0010100010010111
0111100110100001
0000010001101001
0011100000101001
0011000011010111
0110000111111100
0110010111001001
0001011111101011
0011111010110001
0011100100001001
0101001010111010
0101101011001100
0110000010011010
0010001101010101
0101011100000000
0101001111011010
0001010011010000
0000111100111011
0011111111001010
0111101011011001
0010101110010010
0100101011101010
0001110010100110
0110000000101010
0010000010100111
0100000011000011
0101100101111011
0111001000001001
0111101011001010
0100011000001011
0001000110111110
0001001100011100
0010000011110110
0110101110011101
0010000010001100
0110100000111010
0001111100101100
0111011011110010
0010110011001100
0001100100101010
0010000000100100
0100111011011011
0011110010010101
