1010110001100011
1110010000010100
0101010011010101
0100110110101001
1000111101111011
1110011000110110
0000011011100001
1110101010110011
0010100000101000
0010000011000011
1100101010111111
1110111010000001
1000001111110111
0111101111101100
1010101011001100
1001101100110001
1101111101010110
1011001010111000
1111110101011100
1101011011101001
0111001110011110
0110101110011011
1000110101111100
0011110011100100
1100010011100101
1110110000111111
0000110001000001
0111000101010111
1110101011110001
0111101110101001
1100110100101100
0011001101111011
0010101010010101
0000101000000100
0011001010110111
0010101010100010
1010110110011010
1010000011000110
0111111111000100
1010101111001111
1000100001011001
0000111110101011
0110000111000010
0010101101001111
1011000011000000
1101111001110001
1111010111110010
0111101101001101
1010100000001010
0101101100000100
0010010100001111
1110000001010011
1011000011100000
1110110110100010
1111101101100110
1001111011100000
0001011011101010
1011100111100111
1110001001110110
0001010100111111
1100000001110110
1100101001011010
0001110111111010
1100001111101001
0101001100001010
0111101110010000
0011101011110010
1101100000001000
0001010110000110
1001101110010111
0110100000000100
0110000100110001
0101000101011001
1100001010111111
0001100000101000
1000010111000011
1110110011011110
1101000000001110
1010100101010111
1010110111000100
